104358
104752
104852
104956
175139
175530
175626
175734
262893
263312
263425
263565
356866
357283
357377
357525
374281
374681
374787
374905
393218
393694
393790
393928
416334
416852
416972
417079
673810
674213
674298
674416
1117084
1117611
1117789
1117925
1186459
1186887
1186997
1187132
1294719
1295198
1295299
1295431
1319982
1320406
1320521
1320629
1360543
1361021
1361119
1361257
1388059
1388548
1388650
1388779
1397320
1397762
1397883
1397983
1453003
1453537
1453675
1453808
1473257
1473735
1473862
1474000
1475823
1476249
1476361
1476482
1495969
1496420
1496541
1496676
1524235
1524657
1524771
1524872
1581199
1581633
1581753
1581856
1587616
1588068
1588204
1588311
1699908
1700325
1700444
1700548
1736947
1737397
1737486
1737628
1777160
1777607
1777721
1777846
1791619
1792029
1792151
1792251
1881764
1882307
1882416
1882524
1914919
1915377
1915490
1915588
1922046
1922512
1922646
1922744
1959575
1960063
1960223
1960324
2018742
2019226
2019338
2019449
2024067
2024525
2024621
2024786
2077430
2077948
2078058
2078204
2146712
2147130
2147271
2147381
2217549
2218045
2218174
2218277
2263002
2263632
2263744
2263882
2279216
2279668
2279772
2279875
2286279
2286704
2286832
2286935
2292028
2292476
2292611
2292721
2494452
2494977
2495124
2495209
2583541
2584052
2584164
2584291
2707348
2707789
2707924
2708023
2821748
2822240
2822373
2822494
3036573
3037045
3037150
3037271
3081785
3082238
3082366
3082484
3098737
3099149
3099300
3099407
3281550
3281978
3282108
3282226
32596
33082
33177
33307
42847
43192
43293
43400
163710
164172
164266
164383
404668
405101
405227
405343
421607
422014
422139
422239
619208
619661
619782
619894
628868
629415
629527
629614
659075
659527
659619
659725
667927
668410
668518
668637
801118
801509
801620
801718
1627793
1628292
1628391
1628507
1844431
1844896
1845019
1845120
4065203
4065745
4066113
4066323
19378
19813
19925
20041
132933
133344
133455
133554
